4.167000	2.508000	1.218000	0.253000	8.702000	1.772000	1.985000	2.094000	2.966000	3.847000	3.228000	0.025000	1.594000	2.749000	3.507000	2.071000	3.905000	1.987000	2.327000	5.056000	1.242000	3.022000	1.640000	3.850000	2.026000	3.926000	
4.167000	2.508000	1.218000	0.253000	8.702000	1.772000	1.985000	2.094000	2.966000	3.847000	3.228000	0.025000	1.594000	2.749000	3.507000	2.071000	3.905000	1.987000	2.327000	5.056000	1.242000	3.022000	1.640000	3.850000	2.026000	3.926000	
4.167000	2.508000	1.218000	0.253000	8.702000	1.772000	1.985000	2.094000	2.966000	3.847000	3.228000	0.025000	1.594000	2.749000	3.507000	2.071000	3.905000	1.987000	2.327000	5.056000	1.242000	3.022000	1.640000	3.850000	2.026000	3.926000	
8.167000	1.492000	2.782000	4.253000	12.702000	2.228000	2.015000	6.094000	6.966000	0.153000	0.772000	4.025000	2.406000	6.749000	7.507000	1.929000	0.095000	5.987000	6.327000	9.056000	2.758000	0.978000	2.360000	0.150000	1.974000	0.074000	
4.167000	2.508000	1.218000	0.253000	8.702000	1.772000	1.985000	2.094000	2.966000	3.847000	3.228000	0.025000	1.594000	2.749000	3.507000	2.071000	3.905000	1.987000	2.327000	5.056000	1.242000	3.022000	1.640000	3.850000	2.026000	3.926000	
4.167000	2.508000	1.218000	0.253000	8.702000	1.772000	1.985000	2.094000	2.966000	3.847000	3.228000	0.025000	1.594000	2.749000	3.507000	2.071000	3.905000	1.987000	2.327000	5.056000	1.242000	3.022000	1.640000	3.850000	2.026000	3.926000	
4.167000	2.508000	1.218000	0.253000	8.702000	1.772000	1.985000	2.094000	2.966000	3.847000	3.228000	0.025000	1.594000	2.749000	3.507000	2.071000	3.905000	1.987000	2.327000	5.056000	1.242000	3.022000	1.640000	3.850000	2.026000	3.926000	
8.167000	1.492000	2.782000	4.253000	12.702000	2.228000	2.015000	6.094000	6.966000	0.153000	0.772000	4.025000	2.406000	6.749000	7.507000	1.929000	0.095000	5.987000	6.327000	9.056000	2.758000	0.978000	2.360000	0.150000	1.974000	0.074000	
8.167000	1.492000	2.782000	4.253000	12.702000	2.228000	2.015000	6.094000	6.966000	0.153000	0.772000	4.025000	2.406000	6.749000	7.507000	1.929000	0.095000	5.987000	6.327000	9.056000	2.758000	0.978000	2.360000	0.150000	1.974000	0.074000	
8.167000	1.492000	2.782000	4.253000	12.702000	2.228000	2.015000	6.094000	6.966000	0.153000	0.772000	4.025000	2.406000	6.749000	7.507000	1.929000	0.095000	5.987000	6.327000	9.056000	2.758000	0.978000	2.360000	0.150000	1.974000	0.074000	
8.167000	1.492000	2.782000	4.253000	12.702000	2.228000	2.015000	6.094000	6.966000	0.153000	0.772000	4.025000	2.406000	6.749000	7.507000	1.929000	0.095000	5.987000	6.327000	9.056000	2.758000	0.978000	2.360000	0.150000	1.974000	0.074000	
4.167000	2.508000	1.218000	0.253000	8.702000	1.772000	1.985000	2.094000	2.966000	3.847000	3.228000	0.025000	1.594000	2.749000	3.507000	2.071000	3.905000	1.987000	2.327000	5.056000	1.242000	3.022000	1.640000	3.850000	2.026000	3.926000	
8.167000	1.492000	2.782000	4.253000	12.702000	2.228000	2.015000	6.094000	6.966000	0.153000	0.772000	4.025000	2.406000	6.749000	7.507000	1.929000	0.095000	5.987000	6.327000	9.056000	2.758000	0.978000	2.360000	0.150000	1.974000	0.074000	
4.167000	2.508000	1.218000	0.253000	8.702000	1.772000	1.985000	2.094000	2.966000	3.847000	3.228000	0.025000	1.594000	2.749000	3.507000	2.071000	3.905000	1.987000	2.327000	5.056000	1.242000	3.022000	1.640000	3.850000	2.026000	3.926000	
8.167000	1.492000	2.782000	4.253000	12.702000	2.228000	2.015000	6.094000	6.966000	0.153000	0.772000	4.025000	2.406000	6.749000	7.507000	1.929000	0.095000	5.987000	6.327000	9.056000	2.758000	0.978000	2.360000	0.150000	1.974000	0.074000	
8.167000	1.492000	2.782000	4.253000	12.702000	2.228000	2.015000	6.094000	6.966000	0.153000	0.772000	4.025000	2.406000	6.749000	7.507000	1.929000	0.095000	5.987000	6.327000	9.056000	2.758000	0.978000	2.360000	0.150000	1.974000	0.074000	
8.167000	1.492000	2.782000	4.253000	12.702000	2.228000	2.015000	6.094000	6.966000	0.153000	0.772000	4.025000	2.406000	6.749000	7.507000	1.929000	0.095000	5.987000	6.327000	9.056000	2.758000	0.978000	2.360000	0.150000	1.974000	0.074000	
7.833000	14.508000	13.218000	11.747000	3.298000	13.772000	13.985000	9.906000	9.034000	15.847000	15.228000	11.975000	13.594000	9.251000	8.493000	14.071000	15.905000	10.013000	9.673000	6.944000	13.242000	15.022000	13.640000	15.850000	14.026000	15.926000	
4.167000	2.508000	1.218000	0.253000	8.702000	1.772000	1.985000	2.094000	2.966000	3.847000	3.228000	0.025000	1.594000	2.749000	3.507000	2.071000	3.905000	1.987000	2.327000	5.056000	1.242000	3.022000	1.640000	3.850000	2.026000	3.926000	
8.167000	1.492000	2.782000	4.253000	12.702000	2.228000	2.015000	6.094000	6.966000	0.153000	0.772000	4.025000	2.406000	6.749000	7.507000	1.929000	0.095000	5.987000	6.327000	9.056000	2.758000	0.978000	2.360000	0.150000	1.974000	0.074000	
4.167000	2.508000	1.218000	0.253000	8.702000	1.772000	1.985000	2.094000	2.966000	3.847000	3.228000	0.025000	1.594000	2.749000	3.507000	2.071000	3.905000	1.987000	2.327000	5.056000	1.242000	3.022000	1.640000	3.850000	2.026000	3.926000	
4.167000	2.508000	1.218000	0.253000	8.702000	1.772000	1.985000	2.094000	2.966000	3.847000	3.228000	0.025000	1.594000	2.749000	3.507000	2.071000	3.905000	1.987000	2.327000	5.056000	1.242000	3.022000	1.640000	3.850000	2.026000	3.926000	
8.167000	1.492000	2.782000	4.253000	12.702000	2.228000	2.015000	6.094000	6.966000	0.153000	0.772000	4.025000	2.406000	6.749000	7.507000	1.929000	0.095000	5.987000	6.327000	9.056000	2.758000	0.978000	2.360000	0.150000	1.974000	0.074000	
8.167000	1.492000	2.782000	4.253000	12.702000	2.228000	2.015000	6.094000	6.966000	0.153000	0.772000	4.025000	2.406000	6.749000	7.507000	1.929000	0.095000	5.987000	6.327000	9.056000	2.758000	0.978000	2.360000	0.150000	1.974000	0.074000	
0.167000	6.508000	5.218000	3.747000	4.702000	5.772000	5.985000	1.906000	1.034000	7.847000	7.228000	3.975000	5.594000	1.251000	0.493000	6.071000	7.905000	2.013000	1.673000	1.056000	5.242000	7.022000	5.640000	7.850000	6.026000	7.926000	
0.167000	6.508000	5.218000	3.747000	4.702000	5.772000	5.985000	1.906000	1.034000	7.847000	7.228000	3.975000	5.594000	1.251000	0.493000	6.071000	7.905000	2.013000	1.673000	1.056000	5.242000	7.022000	5.640000	7.850000	6.026000	7.926000	
